 1:   0.0100  0.0222  0.0155  0.2814  0.0060  0.0050  0.0294  0.6186  0.0118  5
 2:   0.0210  0.0670  0.0807  0.5021  0.0050  0.0687  0.0639  0.1340  0.0575  3
 3:   0.1676  0.0342  0.0260  0.2809  0.0719  0.0287  0.0844  0.2460  0.0601  8
 4:   0.1745  0.0262  0.0383  0.4251  0.0470  0.0278  0.0515  0.0893  0.1203  20
 5:   0.0050  0.0122  0.0407  0.0291  0.0350  0.0120  0.0200  0.8341  0.0120  37
 6:   0.0220  0.0246  0.0451  0.4310  0.0080  0.0260  0.0842  0.2699  0.0891  51
 7:   0.0549  0.0382  0.0797  0.4565  0.0110  0.0612  0.1021  0.0840  0.1125  21
 8:   0.0160  0.0395  0.1030  0.0851  0.0040  0.0140  0.0362  0.6697  0.0325  9
 9:   0.0369  0.0321  0.0130  0.5450  0.0140  0.0130  0.1022  0.1394  0.1043  12
10:   0.0231  0.0435  0.1978  0.1499  0.0100  0.0191  0.0639  0.4723  0.0203  8
11:   0.0240  0.0631  0.0290  0.3894  0.0140  0.0261  0.0706  0.2356  0.1481  11
12:   0.0518  0.0110  0.0130  0.3098  0.0280  0.0901  0.1195  0.0210  0.3560  14
13:   0.0270  0.0180  0.0180  0.5867  0.0056  0.0159  0.0563  0.0517  0.2208  19
14:   0.0299  0.0150  0.0170  0.5508  0.0040  0.0120  0.1388  0.0278  0.2046  14
15:   0.0222  0.0232  0.0300  0.6464  0.0061  0.0210  0.0541  0.0465  0.1504  49
16:   0.0057  0.0303  0.0412  0.0130  0.0240  0.0060  0.0224  0.8513  0.0060  44
17:   0.0230  0.0657  0.1674  0.1734  0.0060  0.0247  0.2462  0.2473  0.0465  19
18:   0.0174  0.0170  0.3959  0.1364  0.0030  0.0150  0.0777  0.1095  0.2280  7
19:   0.0261  0.0297  0.4874  0.0440  0.0186  0.2415  0.0450  0.0650  0.0426  20
20:   0.0288  0.0100  0.1418  0.0737  0.0160  0.4220  0.0890  0.1905  0.0282  6
21:   0.0117  0.0232  0.3604  0.0260  0.0382  0.4007  0.0413  0.0585  0.0400  34
22:   0.0130  0.0232  0.7423  0.0212  0.0070  0.0430  0.0551  0.0841  0.0110  18
23:   0.0060  0.0272  0.7732  0.0223  0.0040  0.0311  0.0273  0.0934  0.0154  29
24:   0.0060  0.0140  0.9104  0.0070  0.0090  0.0126  0.0110  0.0170  0.0130  22
25:   0.0040  0.0271  0.8383  0.0170  0.0090  0.0270  0.0181  0.0476  0.0120  23
26:   0.0110  0.0178  0.7534  0.0180  0.0080  0.0757  0.0143  0.0899  0.0120  33
27:   0.0061  0.8251  0.0717  0.0080  0.0320  0.0050  0.0334  0.0127  0.0060  20
28:   0.0092  0.3573  0.2025  0.0246  0.0040  0.0060  0.0558  0.3137  0.0269  8
29:   0.0090  0.0331  0.0171  0.0289  0.0610  0.0090  0.7496  0.0249  0.0674  17
30:   0.0120  0.0243  0.0140  0.0440  0.0050  0.0080  0.8638  0.0135  0.0155  30
31:   0.0061  0.0210  0.0150  0.1439  0.0030  0.0084  0.7495  0.0395  0.0136  5
32:   0.9342  0.0040  0.0110  0.0059  0.0030  0.0171  0.0070  0.0060  0.0119  20
33:   0.7824  0.0080  0.0200  0.0263  0.0202  0.0629  0.0207  0.0165  0.0431  8
34:   0.7564  0.0105  0.0050  0.0110  0.0775  0.0929  0.0060  0.0077  0.0330  10
35:   0.7840  0.0681  0.0050  0.0228  0.0040  0.0070  0.0300  0.0061  0.0730  4
36:   0.6924  0.0075  0.0110  0.0263  0.0040  0.0410  0.0422  0.0110  0.1646  20
37:   0.0140  0.0190  0.0100  0.0396  0.0245  0.0261  0.0160  0.0070  0.8438  19
38:   0.0121  0.0052  0.0090  0.0188  0.0040  0.0120  0.0110  0.0080  0.9199  13
39:   0.0383  0.0040  0.0050  0.0408  0.0080  0.0329  0.0090  0.0050  0.8571  3
40:   0.0109  0.0040  0.0050  0.0060  0.0030  0.9492  0.0108  0.0051  0.0060  20
41:   0.0050  0.0040  0.0030  0.0040  0.9650  0.0040  0.0040  0.0040  0.0070  17
42:   0.0040  0.0030  0.0080  0.0050  0.9400  0.0150  0.0060  0.0060  0.0130  4
43:   0.0060  0.0353  0.0060  0.0140  0.8874  0.0080  0.0080  0.0062  0.0291  12
